255 255 255 255 255 255 255 255 255 255 255 255 255 255 255 255
255 255 255 255 255 255 255 255 255 255 255 255 255 255 255 255
255 255   0   0   0   0   0   0   0   0   0   0   0   0 255 255
255 255   0   0   0   0   0   0   0   0   0   0   0   0 255 255
255 255   0   0   0   0   0   0   0   0   0   0   0   0 255 255
255 255   0   0   0 255 255  54 255 255 255   0   0   0 255 255
255 255   0   0   0 255 255   0 255   0 255   0   0   0 255 255
255 255   0   0   0 255   0 255 255 255 255   0   0   0 255 255
255 255   0   0   0 255 255 255 255 255 255   0   0   0 255 255
255 255   0   0   0   0 255 226 255 255 181   0   0   0 255 255
255 255   0   0   0 255 255 255 255 255 255   0   0   0 255 255
255 255   0   0   0   0   0   0   0   0   0   0   0   0 255 255
255 255   0   0   0   0   0   0   0   0   0   0   0   0 255 255
255 255   0   0   0   0   0   0   0   0   0   0   0   0 255 255
255 255 255 255 255 255 255 255 255 255 255 255 255 255 255 255
255 255 255 255 255 255 255 255 255 255 255 255 255 255 255 255
255 255 255 255 255 255 255 255 255 255 255 255 255 255 255 255
255 255 255 255 255 255 255 255 255 255 255 255 255 255 255 255
255 255   0   0   0   0   0   0   0   0   0   0   0   0 255 255
255 255   0   0   0   0   0   0   0   0   0   0   0   0 255 255
255 255   0   0   0   0   0   0   0   0   0   0   0   0 255 255
255 255   0   0   0 255 255  54 255 255 255   0   0   0 255 255
255 255   0   0   0 255 255   0 255   0 255   0   0   0 255 255
255 255   0   0   0 255   0 255 255 255 255   0   0   0 255 255
255 255   0   0   0 255 255 255 255 255 255   0   0   0 255 255
255 255   0   0   0   0 255 226 255 255 181   0   0   0 255 255
255 255   0   0   0 255 255 255 255 255 255   0   0   0 255 255
255 255   0   0   0   0   0   0   0   0   0   0   0   0 255 255
255 255   0   0   0   0   0   0   0   0   0   0   0   0 255 255
255 255   0   0   0   0   0   0   0   0   0   0   0   0 255 255
255 255 255 255 255 255 255 255 255 255 255 255 255 255 255 255
255 255 255 255 255 255 255 255 255 255 255 255 255 255 255 255
255 255 255 255 255 255 255 255 255 255 255 255 255 255 255 255
255 255 255 255 255 255 255 255 255 255 255 255 255 255 255 255
255 255   0   0   0   0   0   0   0   0   0   0   0   0 255 255
255 255   0   0   0   0   0   0   0   0   0   0   0   0 255 255
255 255   0   0   0   0   0   0   0   0   0   0   0   0 255 255
255 255   0   0   0 255 255  54 255 255 255   0   0   0 255 255
255 255   0   0   0 255 255   0 255   0 255   0   0   0 255 255
255 255   0   0   0 255   0 255 255 255 255   0   0   0 255 255
255 255   0   0   0 255 255 255 255 255 255   0   0   0 255 255
255 255   0   0   0   0 255 226 255 255 181   0   0   0 255 255
255 255   0   0   0 255 255 255 255 255 255   0   0   0 255 255
255 255   0   0   0   0   0   0   0   0   0   0   0   0 255 255
255 255   0   0   0   0   0   0   0   0   0   0   0   0 255 255
255 255   0   0   0   0   0   0   0   0   0   0   0   0 255 255
255 255 255 255 255 255 255 255 255 255 255 255 255 255 255 255
255 255 255 255 255 255 255 255 255 255 255 255 255 255 255 255

255 255 255 255 255 255 255 255 255 255 255 255 255 255 255 255
255 214 153 153 153 153 153 153 153 153 153 153 153 153 214 255
255 153   0   0   0   0   0   0   0   0   0   0   0   0 153 255
255 153   0   0   0   0   0   0   0   0   0   0   0   0 153 255
255 153   0   0  10  51  51  44  19  51  51  10   0   0 153 255
255 153   0   0  51 255 212 172 206 176 255  51   0   0 153 255
255 153   0   0  51 193 146 217 216 175 203  51   0   0 153 255
255 153   0   0  24 182 163 255 255 202 122  16   0   0 153 255
255 153   0   0  50 134 121 253 255 159 222  45   0   0 153 255
255 153   0   0  51 236 238 150 185 195 255  51   0   0 153 255
255 153   0   0  51 255 169 142 178 118 255  51   0   0 153 255
255 153   0   0  10  51  31  48  51  26  51  10   0   0 153 255
255 153   0   0   0   0   0   0   0   0   0   0   0   0 153 255
255 153   0   0   0   0   0   0   0   0   0   0   0   0 153 255
255 214 153 153 153 153 153 153 153 153 153 153 153 153 214 255
255 255 255 255 255 255 255 255 255 255 255 255 255 255 255 255
255 255 255 255 255 255 255 255 255 255 255 255 255 255 255 255
255 214 153 153 153 153 153 153 153 153 153 153 153 153 214 255
255 153   0   0   0   0   0   0   0   0   0   0   0   0 153 255
255 153   0   0   0   0   0   0   0   0   0   0   0   0 153 255
255 153   0   0  10  51  51  44  19  51  51  10   0   0 153 255
255 153   0   0  51 255 212 172 206 176 255  51   0   0 153 255
255 153   0   0  51 193 146 217 216 175 203  51   0   0 153 255
255 153   0   0  24 182 163 255 255 202 122  16   0   0 153 255
255 153   0   0  50 134 121 253 255 159 222  45   0   0 153 255
255 153   0   0  51 236 238 150 185 195 255  51   0   0 153 255
255 153   0   0  51 255 169 142 178 118 255  51   0   0 153 255
255 153   0   0  10  51  31  48  51  26  51  10   0   0 153 255
255 153   0   0   0   0   0   0   0   0   0   0   0   0 153 255
255 153   0   0   0   0   0   0   0   0   0   0   0   0 153 255
255 214 153 153 153 153 153 153 153 153 153 153 153 153 214 255
255 255 255 255 255 255 255 255 255 255 255 255 255 255 255 255
255 255 255 255 255 255 255 255 255 255 255 255 255 255 255 255
255 214 153 153 153 153 153 153 153 153 153 153 153 153 214 255
255 153   0   0   0   0   0   0   0   0   0   0   0   0 153 255
255 153   0   0   0   0   0   0   0   0   0   0   0   0 153 255
255 153   0   0  10  51  51  44  19  51  51  10   0   0 153 255
255 153   0   0  51 255 212 172 206 176 255  51   0   0 153 255
255 153   0   0  51 193 146 217 216 175 203  51   0   0 153 255
255 153   0   0  24 182 163 255 255 202 122  16   0   0 153 255
255 153   0   0  50 134 121 253 255 159 222  45   0   0 153 255
255 153   0   0  51 236 238 150 185 195 255  51   0   0 153 255
255 153   0   0  51 255 169 142 178 118 255  51   0   0 153 255
255 153   0   0  10  51  31  48  51  26  51  10   0   0 153 255
255 153   0   0   0   0   0   0   0   0   0   0   0   0 153 255
255 153   0   0   0   0   0   0   0   0   0   0   0   0 153 255
255 214 153 153 153 153 153 153 153 153 153 153 153 153 214 255
255 255 255 255 255 255 255 255 255 255 255 255 255 255 255 255

255 255 255 255 255 255 255 255 255 255 255 255 255 255 255 255
255 214 153 153 153 153 153 153 153 153 153 153 153 153 214 255
255 153   0   0   0   0   0   0   0   0   0   0   0   0 153 255
255 153   0   0   0   0   0   0   0   0   0   0   0   0 153 255
255 153   0   0  10  51  51  16  45  51  51  10   0   0 153 255
255 153   0   0  51 255 203 122 222 255 255  51   0   0 153 255
255 153   0   0  51 176 175 202 159 195 118  26   0   0 153 255
255 153   0   0  19 206 216 255 255 185 178  51   0   0 153 255
255 153   0   0  44 172 217 255 253 150 142  48   0   0 153 255
255 153   0   0  51 212 146 163 121 238 169  31   0   0 153 255
255 153   0   0  51 255 193 182 134 236 255  51   0   0 153 255
255 153   0   0  10  51  51  24  50  51  51  10   0   0 153 255
255 153   0   0   0   0   0   0   0   0   0   0   0   0 153 255
255 153   0   0   0   0   0   0   0   0   0   0   0   0 153 255
255 214 153 153 153 153 153 153 153 153 153 153 153 153 214 255
255 255 255 255 255 255 255 255 255 255 255 255 255 255 255 255
255 255 255 255 255 255 255 255 255 255 255 255 255 255 255 255
255 214 153 153 153 153 153 153 153 153 153 153 153 153 214 255
255 153   0   0   0   0   0   0   0   0   0   0   0   0 153 255
255 153   0   0   0   0   0   0   0   0   0   0   0   0 153 255
255 153   0   0  10  51  51  16  45  51  51  10   0   0 153 255
255 153   0   0  51 255 203 122 222 255 255  51   0   0 153 255
255 153   0   0  51 176 175 202 159 195 118  26   0   0 153 255
255 153   0   0  19 206 216 255 255 185 178  51   0   0 153 255
255 153   0   0  44 172 217 255 253 150 142  48   0   0 153 255
255 153   0   0  51 212 146 163 121 238 169  31   0   0 153 255
255 153   0   0  51 255 193 182 134 236 255  51   0   0 153 255
255 153   0   0  10  51  51  24  50  51  51  10   0   0 153 255
255 153   0   0   0   0   0   0   0   0   0   0   0   0 153 255
255 153   0   0   0   0   0   0   0   0   0   0   0   0 153 255
255 214 153 153 153 153 153 153 153 153 153 153 153 153 214 255
255 255 255 255 255 255 255 255 255 255 255 255 255 255 255 255
255 255 255 255 255 255 255 255 255 255 255 255 255 255 255 255
255 214 153 153 153 153 153 153 153 153 153 153 153 153 214 255
255 153   0   0   0   0   0   0   0   0   0   0   0   0 153 255
255 153   0   0   0   0   0   0   0   0   0   0   0   0 153 255
255 153   0   0  10  51  51  16  45  51  51  10   0   0 153 255
255 153   0   0  51 255 203 122 222 255 255  51   0   0 153 255
255 153   0   0  51 176 175 202 159 195 118  26   0   0 153 255
255 153   0   0  19 206 216 255 255 185 178  51   0   0 153 255
255 153   0   0  44 172 217 255 253 150 142  48   0   0 153 255
255 153   0   0  51 212 146 163 121 238 169  31   0   0 153 255
255 153   0   0  51 255 193 182 134 236 255  51   0   0 153 255
255 153   0   0  10  51  51  24  50  51  51  10   0   0 153 255
255 153   0   0   0   0   0   0   0   0   0   0   0   0 153 255
255 153   0   0   0   0   0   0   0   0   0   0   0   0 153 255
255 214 153 153 153 153 153 153 153 153 153 153 153 153 214 255
255 255 255 255 255 255 255 255 255 255 255 255 255 255 255 255

255 255 255 255 255 255 255 255 255 255 255 255 255 255 255 255
255 214 153 153 153 153 153 153 153 153 153 153 153 153 214 255
255 153   0   0   0   0   0   0   0   0   0   0   0   0 153 255
255 153   0   0   0   0   0   0   0   0   0   0   0   0 153 255
255 153   0   0  10  51  26  51  48  31  51  10   0   0 153 255
255 153   0   0  51 255 118 178 142 169 255  51   0   0 153 255
255 153   0   0  51 255 195 185 150 238 236  51   0   0 153 255
255 153   0   0  45 222 159 255 253 121 134  50   0   0 153 255
255 153   0   0  16 122 202 255 255 163 182  24   0   0 153 255
255 153   0   0  51 203 175 216 217 146 193  51   0   0 153 255
255 153   0   0  51 255 176 206 172 212 255  51   0   0 153 255
255 153   0   0  10  51  51  19  44  51  51  10   0   0 153 255
255 153   0   0   0   0   0   0   0   0   0   0   0   0 153 255
255 153   0   0   0   0   0   0   0   0   0   0   0   0 153 255
255 214 153 153 153 153 153 153 153 153 153 153 153 153 214 255
255 255 255 255 255 255 255 255 255 255 255 255 255 255 255 255
255 255 255 255 255 255 255 255 255 255 255 255 255 255 255 255
255 214 153 153 153 153 153 153 153 153 153 153 153 153 214 255
255 153   0   0   0   0   0   0   0   0   0   0   0   0 153 255
255 153   0   0   0   0   0   0   0   0   0   0   0   0 153 255
255 153   0   0  10  51  26  51  48  31  51  10   0   0 153 255
255 153   0   0  51 255 118 178 142 169 255  51   0   0 153 255
255 153   0   0  51 255 195 185 150 238 236  51   0   0 153 255
255 153   0   0  45 222 159 255 253 121 134  50   0   0 153 255
255 153   0   0  16 122 202 255 255 163 182  24   0   0 153 255
255 153   0   0  51 203 175 216 217 146 193  51   0   0 153 255
255 153   0   0  51 255 176 206 172 212 255  51   0   0 153 255
255 153   0   0  10  51  51  19  44  51  51  10   0   0 153 255
255 153   0   0   0   0   0   0   0   0   0   0   0   0 153 255
255 153   0   0   0   0   0   0   0   0   0   0   0   0 153 255
255 214 153 153 153 153 153 153 153 153 153 153 153 153 214 255
255 255 255 255 255 255 255 255 255 255 255 255 255 255 255 255
255 255 255 255 255 255 255 255 255 255 255 255 255 255 255 255
255 214 153 153 153 153 153 153 153 153 153 153 153 153 214 255
255 153   0   0   0   0   0   0   0   0   0   0   0   0 153 255
255 153   0   0   0   0   0   0   0   0   0   0   0   0 153 255
255 153   0   0  10  51  26  51  48  31  51  10   0   0 153 255
255 153   0   0  51 255 118 178 142 169 255  51   0   0 153 255
255 153   0   0  51 255 195 185 150 238 236  51   0   0 153 255
255 153   0   0  45 222 159 255 253 121 134  50   0   0 153 255
255 153   0   0  16 122 202 255 255 163 182  24   0   0 153 255
255 153   0   0  51 203 175 216 217 146 193  51   0   0 153 255
255 153   0   0  51 255 176 206 172 212 255  51   0   0 153 255
255 153   0   0  10  51  51  19  44  51  51  10   0   0 153 255
255 153   0   0   0   0   0   0   0   0   0   0   0   0 153 255
255 153   0   0   0   0   0   0   0   0   0   0   0   0 153 255
255 214 153 153 153 153 153 153 153 153 153 153 153 153 214 255
255 255 255 255 255 255 255 255 255 255 255 255 255 255 255 255
